service_id,date,exception_type
169957414156537,20211212,2
169957414156537,20211213,2
169957414156537,20211214,2
169957414156537,20211215,2
169957414156537,20211216,2
169957414156537,20211217,2
169957414156537,20211218,2
169957414156537,20211219,2
169957414156537,20211220,2
169957414156537,20211221,2
169957414156537,20211222,2
169957414156537,20211223,2
169957414156537,20211224,2
169957414156537,20211225,2
169957414156537,20211226,2
169957414156537,20211227,2
169957414156537,20211228,2
169957414156537,20211229,2
169957414156537,20211230,2
169957414156537,20211231,2
169957414156537,20220101,2
169957414156537,20220102,2
169957414156537,20220103,2
169957414156537,20220104,2
169957414156537,20220105,2
169957414156537,20220106,2
169957414156537,20220107,2
169957414156537,20220108,2
169957414156537,20220109,2
169957414156537,20220110,2
169957414156537,20220111,2
169957414156537,20220112,2
169957414156537,20220113,2
169957414156537,20220114,2
169957414156537,20220115,2
169957414156537,20220116,2
169957414156537,20220117,2
169957414156537,20220118,2
169957414156537,20220119,2
169957414156537,20220120,2
169957414156537,20220121,2
169957414156537,20220122,2
169957414156537,20220123,2
169957414156537,20220124,2
169957414156537,20220125,2
169957414156537,20220126,2
169957414156537,20220127,2
169957414156537,20220128,2
169957414156537,20220129,2
169957414156537,20220130,2
169957414156537,20220131,2
169957414156537,20220201,2
169957414156537,20220202,2
169957414156537,20220203,2
169957414156537,20220204,2
169957414156537,20220205,2
169957414156537,20220206,2
169957414156537,20220207,2
169957414156537,20220208,2
169957414156537,20220209,2
169957414156537,20220210,2
169957414156537,20220211,2
169957414156537,20220212,2
169957414156537,20220213,2
169957414156537,20220214,2
169957414156537,20220215,2
169957414156537,20220216,2
169957414156537,20220217,2
169957414156537,20220218,2
169957414156537,20220219,2
169957414156537,20220220,2
169957414156537,20220221,2
169957414156537,20220222,2
169957414156537,20220223,2
169957414156537,20220224,2
169957414156537,20220225,2
169957414156537,20220226,2
169957414156537,20220227,2
169957414156537,20220228,2
169957414156537,20220301,2
169957414156537,20220302,2
169957414156537,20220303,2
169957414156537,20220304,2
169957414156537,20220305,2
169957414156537,20220306,2
169957414156537,20220307,2
169957414156537,20220308,2
169957414156537,20220309,2
169957414156537,20220310,2
169957414156537,20220311,2
169957414156537,20220312,2
169957414156537,20220313,2
169957414156537,20220314,2
169957414156537,20220315,2
169957414156537,20220316,2
169957414156537,20220317,2
169957414156537,20220318,2
169957414156537,20220319,2
169957414156537,20220320,2
169957414156537,20220321,2
169957414156537,20220322,2
169957414156537,20220323,2
169957414156537,20220324,2
169957414156537,20220325,2
169957414156537,20220326,2
169957414156537,20220327,2
169957414156537,20220328,2
169957414156537,20220329,2
169957414156537,20220330,2
169957414156537,20220331,2
169957414156537,20220401,2
169957414156537,20220402,2
169957414156537,20220403,2
169957414156537,20220404,2
169957414156537,20220405,2
169957414156537,20220406,2
169957414156537,20220407,2
169957414156537,20220408,2
169957414156537,20220409,2
169957414156537,20220410,2
169957414156537,20220411,2
169957414156537,20220412,2
169957414156537,20220413,2
169957414156537,20220414,2
169957414156537,20220415,2
169957414156537,20220416,2
169957414156537,20220417,2
169957414156537,20220418,2
169957414156537,20220419,2
169957414156537,20220420,2
169957414156537,20220421,2
169957414156537,20220422,2
169957414156537,20220423,2
169957414156537,20220424,2
169957414156537,20220425,2
169957414156537,20220426,2
169957414156537,20220427,2
169957414156537,20220428,2
169957414156537,20220429,2
169957414156537,20220430,2
169957414156537,20220501,2
169957414156537,20220502,2
169957414156537,20220503,2
169957414156537,20220504,2
169957414156537,20220505,2
169957414156537,20220506,2
169957414156537,20220507,2
169957414156537,20220508,2
169957414156537,20220509,2
169957414156537,20220510,2
169957414156537,20220511,2
169957414156537,20220512,2
169957414156537,20220513,2
169957414156537,20220514,2
169957414156537,20220515,2
169957414156537,20220516,2
169957414156537,20220517,2
169957414156537,20220518,2
169957414156537,20220519,2
169957414156537,20220520,2
169957414156537,20220521,2
169957414156537,20220522,2
169957414156537,20220523,2
169957414156537,20220524,2
169957414156537,20220525,2
169957414156537,20220526,2
169957414156537,20220527,2
169957414156537,20220528,2
169957414156537,20220529,2
169957414156537,20220530,2
169957414156537,20220531,2
169957414156537,20220601,2
169957414156537,20220602,2
169957414156537,20220603,2
169957414156537,20220604,2
169957414156537,20220605,2
169957414156537,20220606,2
169957414156537,20220607,2
169957414156537,20220608,2
169957414156537,20220609,2
169957414156537,20220610,2
169957414156537,20220611,2
169957414156537,20220612,2
169957414156537,20220613,2
169957414156537,20220614,2
169957414156537,20220615,2
169957414156537,20220616,2
169957414156537,20220617,2
169957414156537,20220618,2
169957414156537,20220619,2
169957414156537,20220620,2
169957414156537,20220621,2
169957414156537,20220622,2
169957414156537,20220623,2
169957414156537,20220624,2
169957414156537,20220625,2
169957414156537,20220626,2
169957414156537,20220627,2
169957414156537,20220628,2
169957414156537,20220629,2
169957414156537,20220630,2
169957414156537,20220701,2
169957414156537,20220702,2
169957414156537,20220703,2
169957414156537,20220704,2
169957414156537,20220705,2
169957414156537,20220706,2
169957414156537,20220707,2
169957414156537,20220708,2
169957414156537,20220709,2
169957414156537,20220710,2
169957414156537,20220711,2
169957414156537,20220712,2
169957414156537,20220713,2
169957414156537,20220714,2
169957414156537,20220715,2
169957414156537,20220716,2
169957414156537,20220717,2
169957414156537,20220718,2
169957414156537,20220719,2
169957414156537,20220720,2
169957414156537,20220721,2
169957414156537,20220722,2
169957414156537,20220723,2
169957414156537,20220724,2
169957414156537,20220725,2
169957414156537,20220726,2
169957414156537,20220727,2
169957414156537,20220728,2
169957414156537,20220729,2
169957414156537,20220730,2
169957414156537,20220731,2
169957414156537,20220801,2
169957414156537,20220802,2
169957414156537,20220803,2
169957414156537,20220804,2
169957414156537,20220805,2
169957414156537,20220806,2
169957414156537,20220807,2
169957414156537,20220808,2
169957414156537,20220809,2
169957414156537,20220810,2
169957414156537,20220811,2
169957414156537,20220812,2
169957414156537,20220813,2
169957414156537,20220814,2
169957414156537,20220815,2
169957414156537,20220816,2
169957414156537,20220817,2
169957414156537,20220818,2
169957414156537,20220819,2
169957414156537,20220820,2
169957414156537,20220821,2
169957414156537,20220822,2
169957414156537,20220823,2
169957414156537,20220824,2
169957414156537,20220825,2
169957414156537,20220826,2
169957414156537,20220827,2
169957414156537,20220828,2
169957414156537,20220829,2
169957414156537,20220830,2
169957414156537,20220831,2
169957414156537,20220901,2
169957414156537,20220902,2
169957414156537,20220903,2
169957414156537,20220904,2
169957414156537,20220905,2
169957414156537,20220906,2
169957414156537,20220907,2
169957414156537,20220908,2
169957414156537,20220909,2
169957414156537,20220910,2
169957414156537,20220911,2
169957414156537,20220912,2
169957414156537,20220913,2
169957414156537,20220914,2
169957414156537,20220915,2
169957414156537,20220916,2
169957414156537,20220917,2
169957414156537,20220918,2
169957414156537,20220919,2
169957414156537,20220920,2
169957414156537,20220921,2
169957414156537,20220922,2
169957414156537,20220923,2
169957414156537,20220924,2
169957414156537,20220925,2
169957414156537,20220926,2
169957414156537,20220927,2
169957414156537,20220928,2
169957414156537,20220929,2
169957414156537,20220930,2
169957414156537,20221001,2
169957414156537,20221002,2
169957414156537,20221003,2
169957414156537,20221004,2
169957414156537,20221005,2
169957414156537,20221006,2
169957414156537,20221007,2
169957414156537,20221008,2
169957414156537,20221009,2
169957414156537,20221010,2
169957414156537,20221011,2
169957414156537,20221012,2
169957414156537,20221013,2
169957414156537,20221014,2
169957414156537,20221015,2
169957414156537,20221016,2
169957414156537,20221017,2
169957414156537,20221018,2
169957414156537,20221019,2
169957414156537,20221020,2
169957414156537,20221021,2
169957414156537,20221022,2
169957414156537,20221023,2
169957414156537,20221024,2
169957414156537,20221025,2
169957414156537,20221026,2
169957414156537,20221027,2
169957414156537,20221028,2
169957414156537,20221029,2
169957414156537,20221030,2
169957414156537,20221031,2
169957414156537,20221101,2
169957414156537,20221102,2
169957414156537,20221103,2
169957414156537,20221104,2
169957414156537,20221105,2
169957414156537,20221106,2
169957414156537,20221107,2
169957414156537,20221108,2
169957414156537,20221109,2
169957414156537,20221110,2
169957414156537,20221111,2
169957414156537,20221112,2
169957414156537,20221113,2
169957414156537,20221114,2
169957414156537,20221115,2
169957414156537,20221116,2
169957414156537,20221117,2
169957414156537,20221118,2
169957414156537,20221119,2
169957414156537,20221120,2
169957414156537,20221121,2
169957414156537,20221122,2
169957414156537,20221123,2
169957414156537,20221124,2
169957414156537,20221125,2
169957414156537,20221126,2
169957414156537,20221127,2
169957414156537,20221128,2
169957414156537,20221129,2
169957414156537,20221130,2
169957414156537,20221201,2
169957414156537,20221202,2
169957414156537,20221203,2
169957414156537,20221204,2
169957414156537,20221205,2
169957414156537,20221206,2
169957414156537,20221207,2
169957414156537,20221208,2
169957414156537,20221209,2
169957414156537,20221210,2
